170072
94242
49062
36288
26408
22169
28270
19195
15016
13763
11278
10740
9142
9399
7932
7723
6765
6738
6069
6226
5378
5539
5016
4944
4714
4702
4448
4570
4043
4302
3931
3818
3697
3555
3568
3519
3413
3421
3248
3257
3108
3138
2906
3032
2966
2876
2838
2887
2770
2839
2668
2693
2656
2665
2595
2601
2428
2593
2405
2528
2360
2530
2316
2332
2322
2347
2210
2311
2168
2182
2145
2159
2031
2024
1971
1938
1880
1917
1836
1792
1824
1823
1783
1713
1662
1644
1717
1616
1567
1613
1525
1479
1530
1429
1425
1476
1377
1396
1343
1397
1275
1310
1221
1224
1203
1234
1206
1223
1151
1117
1164
1107
1098
1076
1007
1068
1009
1008
977
933
908
927
884
934
855
921
878
884
884
811
840
825
738
801
725
742
751
727
678
718
687
703
665
657
647
666
596
634
624
613
600
557
585
559
546
583
521
527
531
532
524
528
466
535
457
453
424
444
437
445
436
395
393
417
359
410
399
382
361
341
336
336
350
342
264
324
329
310
321
309
282
307
313
271
273
254
265
253
257
247
278
264
220
230
225
208
232
215
211
212
182
201
210
209
182
165
174
162
195
161
160
151
171
154
143
148
142
141
127
165
122
143
147
134
133
113
112
122
110
114
114
100
110
93
91
90
100
88
88
70
93
70
65
64
97
54
92
64
72
80
63
47
62
59
68
54
60
50
58
71
62
71
43
60
55
55
46
41
31
50
42
41
37
30
44
40
32
38
38
34
43
29
28
37
33
31
36
33
30
22
22
27
31
30
24
29
23
24
25
28
27
27
24
23
18
23
14
21
19
12
15
10
11
11
20
16
20
12
21
13
12
12
15
9
13
23
21
12
9
13
5
9
9
10
19
10
5
4
16
13
6
9
11
7
13
12
9
6
9
8
6
3
7
8
4
7
4
6
5
7
2
8
7
7
3
5
11
9
4
3
4
6
3
3
3
2
4
6
5
4
3
4
4
3
4
3
4
5
3
7
8
2
5
1
3
3
1
1
3
2
2
3
1
4
2
3
3
5
3
5
5
3
1
1
1
5
1
3
1
3
2
2
3
2
2
2
1
3
1
1
1
1
3
2
1
1
2
2
2
1
1
2
1
1
2
2
1
1
1
1
1
1
1
1
1
2
1
1
1
1
1
1
2
1
1
1
1
1